Temperature	A1	A2	A3	A4	A5	A6	A7	A8	A9	A10	A11	A12	B1	B2	B3	B4	B5	B6	B7	B8	B9	B10	B11	B12	C1	C2	C3	C4	C5	C6	C7	C8	C9	C10	C11	C12	D1	D2	D3	D4	D5	D6	D7	D8	D9	D10	D11	D12	E1	E2	E3	E4	E5	E6	E7	E8	E9	E10	E11	E12	F1	F2	F3	F4	F5	F6	F7	F8	F9	F10	F11	F12	G1	G2	G3	G4	G5	G6	G7	G8	G9	G10	G11	G12	H1	H2	H3	H4	H5	H6	H7	H8	H9	H10	H11	H12
25	3064	3165	2663	3066	2498	2972	2593	2606	2438	2458	2589	2718	2600	2818	2573	2748	2841	2937	2823	2568	2478	2608	2704	3263	2646	2478	2543	2746	6971	2343	2636	2539	2490	2230	2518	2563	2372	2474	2486	2349	2289	2330	19177	2659	3181	20251	16818	2356	3203	2409	2797	2733	2674	3155	2552	2879	2581	2715	4206	2346	3179	2624	2805	2997	2567	2770	2745	2719	2625	3452	2618	2947	3500	3843	2520	2711	2768	2692	2655	2849	3372	3334	2716	2552	3095	3370	2618	2802	3593	2550	4064	3939	2984	3485	2856	2558
26	3118	3215	2675	3089	2509	2978	2594	2612	2449	2461	2614	2763	2629	2866	2594	2778	2870	2972	2826	2575	2481	2626	2732	3286	2687	2480	2563	2762	7056	2342	2640	2548	2514	2235	2525	2561	2390	2489	2495	2353	2291	2331	18878	2694	3212	20014	16866	2360	3204	2426	2815	2735	2707	3157	2557	2880	2605	2721	4206	2347	3268	2647	2822	3005	2575	2807	2746	2722	2624	3462	2621	2958	3601	3901	2539	2723	2772	2697	2654	2850	3384	3336	2715	2558	3129	3402	2645	2814	3588	2565	4142	3990	3005	3464	2849	2565
27	3117	3219	2664	3082	2506	2975	2587	2602	2452	2460	2611	2759	2630	2865	2585	2768	2860	2972	2829	2573	2478	2619	2722	3269	2696	2476	2562	2752	7096	2331	2641	2546	2513	2231	2510	2556	2387	2478	2494	2346	2280	2323	18668	2700	3198	18497	16722	2350	3201	2421	2806	2726	2715	3151	2545	2856	2593	2713	4177	2340	3288	2647	2816	2992	2569	2810	2744	2718	2620	3432	2616	2941	3622	3899	2533	2717	2764	2685	2649	2849	3371	3307	2693	2547	3123	3389	2639	2808	3556	2558	4121	3973	3008	3447	2841	2553
28	3118	3215	2664	3073	2505	2964	2585	2596	2451	2460	2608	2757	2619	2873	2587	2759	2849	2965	2816	2566	2470	2619	2717	3253	2693	2477	2564	2746	7098	2332	2638	2546	2507	2231	2515	2553	2386	2479	2494	2349	2281	2320	18530	2709	3192	17197	16673	2342	3196	2420	2793	2717	2719	3144	2544	2850	2589	2707	4160	2333	3284	2648	2808	2983	2570	2816	2734	2724	2611	3416	2607	2927	3612	3894	2533	2713	2756	2678	2634	2834	3356	3296	2688	2535	3109	3385	2635	2796	3536	2546	4087	3934	2997	3421	2826	2545
29	3110	3208	2658	3067	2504	2960	2580	2590	2449	2452	2600	2743	2614	2862	2580	2750	2844	2955	2812	2561	2465	2603	2704	3248	2687	2476	2554	2738	7155	2330	2628	2542	2498	2223	2505	2538	2377	2472	2494	2340	2274	2311	18370	2700	3176	15934	16619	2340	3183	2421	2798	2709	2721	3135	2536	2840	2578	2698	4135	2327	3277	2636	2795	2971	2560	2805	2717	2708	2596	3375	2595	2915	3598	3880	2535	2707	2749	2666	2626	2820	3341	3279	2682	2527	3090	3365	2626	2787	3505	2547	4062	3911	2983	3412	2820	2537
30	3097	3197	2649	3055	2493	2951	2567	2581	2446	2446	2593	2737	2603	2862	2574	2744	2838	2952	2794	2553	2463	2604	2703	3232	2685	2471	2549	2730	7232	2325	2633	2542	2495	2222	2502	2531	2377	2466	2493	2341	2271	2310	18251	2695	3163	14800	16630	2334	3170	2409	2780	2700	2715	3127	2526	2822	2567	2692	4142	2315	3262	2630	2788	2952	2551	2798	2713	2703	2585	3370	2593	2903	3567	3849	2526	2695	2731	2651	2620	2815	3320	3260	2667	2514	3083	3338	2613	2785	3476	2531	4025	3882	2976	3398	2811	2523
31	3085	3178	2641	3043	2495	2937	2565	2570	2444	2439	2584	2729	2603	2857	2561	2736	2825	2950	2788	2551	2447	2582	2687	3219	2677	2471	2548	2720	7382	2322	2632	2538	2484	2219	2495	2528	2373	2463	2490	2339	2265	2303	18096	2706	3149	13786	16673	2321	3164	2405	2771	2688	2727	3119	2518	2811	2563	2683	4122	2312	3261	2626	2769	2943	2547	2788	2706	2698	2582	3348	2585	2889	3547	3833	2521	2692	2716	2644	2605	2804	3310	3248	2663	2502	3066	3321	2609	2771	3445	2521	3997	3855	2962	3380	2792	2508
32	3081	3179	2639	3039	2496	2926	2553	2568	2445	2437	2580	2717	2596	2854	2553	2725	2815	2948	2785	2546	2444	2584	2688	3206	2673	2471	2544	2707	7597	2319	2633	2538	2473	2215	2492	2522	2370	2456	2486	2334	2266	2298	17898	2708	3138	12806	16675	2320	3160	2403	2766	2683	2740	3109	2512	2804	2551	2675	4107	2308	3252	2616	2762	2934	2541	2779	2695	2697	2576	3338	2582	2870	3523	3809	2518	2683	2706	2632	2603	2795	3297	3229	2657	2494	3048	3305	2598	2762	3418	2520	3967	3824	2953	3370	2790	2498
33	3071	3167	2639	3034	2492	2918	2555	2556	2441	2431	2579	2705	2590	2847	2546	2717	2816	2953	2772	2537	2440	2571	2680	3188	2666	2464	2540	2701	7840	2317	2637	2539	2470	2214	2491	2513	2370	2460	2485	2334	2261	2300	17790	2706	3132	11917	16742	2316	3153	2399	2763	2677	2755	3101	2503	2797	2545	2667	4100	2306	3238	2611	2757	2921	2547	2775	2689	2689	2566	3315	2581	2862	3509	3787	2511	2677	2693	2620	2593	2785	3281	3218	2646	2486	3039	3277	2585	2760	3383	2514	3928	3799	2937	3358	2777	2492
34	3060	3157	2628	3021	2484	2903	2546	2545	2446	2425	2568	2690	2581	2855	2537	2708	2800	2947	2757	2531	2440	2568	2672	3176	2663	2465	2535	2687	8126	2317	2632	2538	2461	2211	2485	2508	2364	2457	2486	2330	2256	2290	17665	2712	3119	11099	16741	2312	3147	2396	2753	2666	2778	3096	2500	2783	2534	2654	4083	2302	3230	2602	2740	2915	2534	2768	2682	2687	2545	3294	2572	2851	3478	3755	2513	2673	2680	2615	2581	2777	3268	3200	2639	2474	3019	3264	2580	2745	3354	2506	3894	3778	2922	3339	2769	2480
35	3045	3146	2632	3016	2490	2893	2541	2537	2445	2424	2564	2692	2572	2847	2533	2704	2800	2964	2749	2528	2437	2560	2671	3169	2664	2468	2536	2689	8375	2319	2634	2534	2454	2216	2484	2503	2370	2458	2497	2339	2256	2290	17502	2728	3114	10395	16822	2311	3152	2399	2752	2659	2798	3093	2498	2779	2533	2651	4069	2300	3222	2599	2732	2903	2539	2768	2685	2693	2550	3288	2568	2847	3467	3737	2512	2677	2676	2606	2577	2771	3265	3185	2631	2467	3008	3247	2580	2750	3320	2500	3869	3764	2922	3335	2766	2473
36	3029	3133	2621	3005	2477	2882	2534	2525	2442	2414	2557	2674	2569	2845	2527	2693	2792	2983	2743	2519	2431	2545	2660	3155	2656	2464	2530	2681	8538	2313	2629	2527	2448	2214	2482	2493	2368	2453	2508	2336	2251	2292	17405	2750	3103	9764	16986	2302	3140	2392	2746	2649	2827	3084	2498	2766	2521	2636	4044	2295	3209	2590	2725	2895	2535	2755	2678	2686	2539	3267	2562	2837	3446	3712	2510	2668	2664	2596	2569	2761	3251	3177	2621	2459	2991	3239	2569	2737	3282	2494	3852	3730	2904	3321	2753	2466
37	3019	3110	2616	2996	2476	2869	2528	2514	2439	2414	2546	2660	2556	2848	2518	2683	2779	3025	2731	2511	2425	2539	2648	3130	2652	2458	2529	2670	8588	2316	2630	2528	2441	2206	2474	2490	2366	2450	2517	2332	2245	2284	17315	2784	3092	9147	17067	2303	3135	2392	2735	2639	2852	3076	2498	2748	2515	2629	4029	2293	3208	2585	2710	2881	2529	2753	2659	2687	2523	3246	2548	2826	3429	3668	2504	2664	2654	2594	2561	2744	3232	3156	2613	2449	2981	3221	2568	2739	3248	2491	3819	3704	2894	3306	2747	2453
38	3005	3100	2607	2983	2475	2858	2512	2507	2437	2408	2542	2649	2549	2848	2507	2667	2766	3062	2726	2505	2416	2525	2639	3120	2645	2458	2523	2655	8633	2313	2628	2527	2431	2210	2473	2481	2359	2446	2529	2328	2243	2281	17182	2826	3081	8607	17268	2296	3127	2388	2719	2629	2873	3065	2488	2738	2508	2618	4013	2283	3186	2582	2701	2871	2520	2745	2653	2682	2512	3228	2537	2804	3409	3594	2500	2663	2648	2580	2559	2733	3220	3133	2600	2441	2970	3198	2549	2728	3212	2484	3794	3671	2885	3282	2733	2444
39	2996	3084	2603	2973	2476	2843	2504	2496	2437	2404	2527	2632	2548	2847	2500	2660	2760	3116	2715	2498	2413	2518	2636	3105	2636	2455	2518	2644	8690	2311	2629	2530	2424	2200	2464	2473	2361	2440	2543	2331	2240	2273	17039	2869	3078	8155	17569	2286	3120	2391	2717	2617	2891	3058	2483	2721	2492	2599	3993	2278	3167	2576	2684	2859	2519	2734	2637	2675	2499	3206	2527	2798	3386	3542	2504	2657	2643	2571	2539	2717	3204	3120	2596	2434	2952	3171	2548	2722	3178	2475	3758	3629	2867	3262	2723	2437
40	2975	3061	2597	2959	2476	2833	2488	2482	2435	2396	2522	2625	2532	2836	2486	2651	2753	3156	2696	2495	2414	2512	2631	3095	2630	2452	2521	2637	8739	2310	2628	2533	2408	2200	2462	2464	2356	2438	2555	2323	2233	2273	16934	2914	3060	7724	17936	2285	3122	2388	2704	2606	2900	3050	2478	2711	2491	2584	3978	2275	3162	2566	2670	2847	2510	2724	2629	2676	2487	3186	2516	2784	3367	3496	2499	2649	2623	2555	2536	2715	3200	3098	2579	2422	2946	3157	2540	2718	3145	2471	3734	3601	2852	3240	2712	2428
41	2968	3053	2589	2946	2470	2817	2480	2469	2431	2382	2514	2615	2526	2835	2478	2637	2740	3181	2684	2479	2409	2503	2619	3080	2618	2447	2513	2626	8831	2314	2633	2534	2397	2197	2460	2458	2352	2434	2556	2317	2227	2268	16775	2920	3050	7328	18252	2274	3101	2381	2697	2592	2912	3035	2473	2691	2472	2570	3935	2270	3148	2555	2655	2836	2506	2717	2608	2669	2475	3159	2501	2769	3347	3458	2494	2643	2606	2545	2525	2699	3177	3080	2562	2407	2924	3127	2530	2708	3111	2464	3702	3564	2846	3216	2700	2417
42	2946	3030	2575	2932	2465	2807	2466	2453	2429	2380	2505	2599	2519	2826	2460	2623	2729	3195	2669	2474	2399	2484	2611	3059	2610	2441	2502	2612	8836	2313	2637	2544	2393	2195	2460	2445	2349	2425	2558	2310	2221	2256	16627	2923	3041	6951	18631	2262	3087	2377	2685	2580	2925	3033	2467	2672	2467	2558	3911	2257	3128	2544	2640	2815	2504	2701	2588	2660	2462	3131	2488	2747	3331	3420	2491	2643	2595	2534	2513	2683	3168	3059	2550	2397	2915	3110	2521	2704	3067	2453	3675	3512	2828	3189	2691	2403
43	2938	3020	2563	2930	2468	2790	2460	2449	2427	2377	2502	2590	2516	2834	2456	2613	2717	3201	2663	2475	2395	2472	2599	3054	2606	2443	2501	2604	8799	2313	2644	2552	2381	2192	2447	2445	2349	2428	2571	2312	2224	2257	16558	2940	3026	6618	19147	2263	3083	2381	2684	2571	2942	3021	2470	2664	2457	2549	3893	2258	3121	2540	2629	2808	2504	2696	2579	2662	2457	3120	2487	2743	3308	3388	2490	2632	2584	2530	2505	2677	3147	3050	2541	2392	2895	3100	2519	2711	3041	2446	3654	3480	2824	3167	2681	2398
44	2925	3009	2562	2911	2471	2785	2453	2443	2418	2371	2490	2581	2509	2827	2443	2602	2714	3207	2651	2467	2395	2468	2583	3032	2593	2436	2492	2591	8638	2315	2662	2575	2377	2188	2441	2433	2347	2421	2577	2308	2216	2252	16479	2961	3016	6298	19588	2260	3072	2384	2673	2561	2973	3012	2466	2655	2440	2535	3855	2251	3114	2528	2622	2798	2501	2687	2561	2662	2439	3091	2470	2730	3292	3357	2487	2631	2574	2517	2502	2667	3136	3030	2530	2387	2895	3081	2512	2705	3008	2443	3622	3437	2806	3144	2670	2392
45	2916	2989	2550	2899	2467	2770	2440	2433	2415	2365	2480	2570	2499	2823	2434	2586	2698	3226	2647	2456	2390	2458	2580	3025	2588	2433	2486	2576	8377	2313	2665	2589	2364	2187	2437	2431	2346	2418	2590	2308	2217	2249	16300	2987	3015	6049	20238	2252	3057	2378	2661	2554	2970	2997	2466	2639	2433	2522	3823	2249	3102	2516	2603	2781	2504	2676	2548	2660	2435	3070	2458	2723	3277	3329	2489	2623	2560	2502	2490	2655	3113	3016	2520	2377	2880	3064	2504	2698	2975	2431	3598	3403	2795	3118	2662	2381
46	2904	2973	2540	2882	2469	2760	2432	2421	2409	2363	2474	2559	2496	2821	2430	2579	2688	3230	2624	2453	2391	2445	2562	3012	2588	2431	2474	2566	8067	2310	2677	2616	2358	2181	2419	2422	2340	2411	2606	2301	2206	2246	16234	3028	2998	5773	20698	2248	3050	2382	2656	2535	2967	2987	2460	2619	2427	2507	3785	2241	3092	2507	2597	2772	2499	2663	2534	2672	2428	3057	2455	2717	3265	3296	2484	2622	2549	2496	2486	2646	3106	2993	2508	2367	2872	3046	2497	2690	2940	2426	3574	3361	2783	3086	2653	2378
47	2883	2959	2532	2865	2464	2744	2421	2408	2389	2354	2457	2539	2488	2801	2408	2565	2675	3251	2612	2444	2384	2432	2542	2995	2571	2419	2459	2545	7691	2310	2684	2687	2343	2172	2407	2410	2330	2399	2618	2289	2204	2240	16010	3063	2994	5528	21250	2233	3038	2373	2643	2523	2946	2971	2454	2600	2407	2492	3749	2235	3068	2495	2581	2752	2490	2650	2516	2663	2410	3027	2435	2688	3245	3274	2477	2613	2535	2482	2462	2632	3078	2973	2496	2358	2850	3019	2486	2669	2906	2420	3526	3306	2760	3049	2634	2362
48	2871	2938	2526	2850	2460	2732	2409	2392	2378	2349	2458	2529	2480	2797	2408	2551	2673	3270	2604	2441	2388	2423	2532	2986	2563	2414	2450	2541	7340	2308	2687	2721	2341	2176	2397	2407	2327	2397	2643	2292	2201	2234	15862	3111	2988	5313	21769	2228	3026	2370	2632	2513	2909	2962	2460	2586	2396	2479	3729	2232	3059	2486	2565	2738	2486	2633	2494	2661	2403	3008	2430	2682	3223	3248	2476	2614	2526	2478	2463	2630	3070	2953	2481	2347	2845	2997	2478	2659	2878	2413	3502	3265	2758	3024	2620	2355
49	2863	2922	2513	2839	2451	2715	2401	2386	2356	2355	2445	2517	2469	2785	2394	2540	2665	3284	2585	2429	2380	2417	2517	2960	2557	2412	2432	2528	7013	2303	2663	2744	2329	2170	2386	2397	2320	2389	2653	2285	2190	2232	15718	3165	2984	5101	22220	2221	3010	2375	2627	2505	2854	2943	2496	2570	2387	2469	3700	2233	3043	2480	2558	2731	2471	2622	2484	2650	2395	2987	2423	2667	3202	3229	2470	2606	2512	2468	2449	2616	3045	2933	2467	2340	2824	2982	2475	2641	2843	2402	3477	3218	2741	2989	2608	2352
50	2837	2897	2506	2821	2433	2706	2383	2371	2342	2348	2430	2504	2456	2769	2384	2528	2655	3311	2578	2425	2363	2400	2502	2942	2546	2401	2430	2507	6669	2303	2600	2754	2321	2158	2375	2389	2317	2382	2645	2278	2183	2224	15546	3225	2976	4909	22681	2215	2996	2371	2612	2490	2787	2938	2487	2555	2376	2452	3668	2224	3029	2468	2549	2714	2458	2609	2469	2633	2379	2973	2407	2652	3190	3201	2474	2605	2498	2461	2437	2602	3024	2918	2454	2336	2815	2958	2466	2626	2811	2391	3442	3171	2729	2961	2598	2339
51	2822	2880	2495	2799	2410	2686	2374	2360	2322	2346	2420	2480	2451	2749	2375	2515	2639	3327	2554	2409	2337	2389	2489	2939	2541	2399	2418	2497	6363	2298	2544	2710	2310	2153	2356	2375	2310	2367	2620	2269	2174	2215	15424	3274	2969	4708	23022	2204	2977	2370	2597	2469	2732	2916	2463	2532	2363	2435	3624	2211	3014	2455	2533	2701	2437	2588	2450	2596	2370	2941	2393	2635	3170	3180	2458	2594	2482	2452	2426	2591	3005	2886	2433	2319	2798	2936	2456	2605	2773	2382	3413	3115	2723	2918	2577	2328
52	2800	2862	2480	2787	2399	2674	2361	2350	2308	2337	2410	2472	2446	2763	2368	2500	2630	3337	2555	2389	2315	2371	2474	2919	2532	2389	2406	2479	6082	2294	2512	2641	2292	2150	2349	2368	2304	2362	2570	2261	2170	2206	15304	3280	2967	4532	23284	2196	2957	2364	2584	2460	2678	2906	2442	2515	2354	2418	3598	2208	2993	2441	2522	2684	2426	2574	2436	2560	2354	2925	2382	2618	3148	3152	2461	2588	2469	2447	2414	2581	2982	2872	2426	2314	2784	2909	2443	2591	2744	2375	3378	3068	2713	2890	2567	2321
53	2790	2907	2476	2770	2381	2660	2352	2349	2299	2323	2400	2458	2437	2740	2354	2489	2619	3336	2562	2368	2305	2362	2456	2907	2518	2380	2394	2467	5763	2295	2485	2553	2284	2144	2334	2357	2295	2354	2517	2257	2161	2202	15208	3221	2955	4361	23548	2190	2930	2358	2581	2450	2629	2888	2447	2497	2345	2407	3575	2201	2974	2435	2510	2666	2415	2564	2416	2540	2348	2905	2373	2608	3123	3120	2447	2575	2457	2436	2403	2576	2961	2853	2418	2301	2769	2891	2440	2576	2711	2365	3350	3006	2705	2854	2548	2308
54	2777	2896	2471	2752	2368	2645	2344	2331	2279	2319	2387	2449	2429	2726	2346	2478	2611	3294	2552	2345	2292	2351	2452	2893	2515	2375	2385	2457	5463	2296	2465	2491	2281	2139	2324	2354	2290	2344	2464	2255	2158	2195	15065	3095	2944	4213	23714	2181	2911	2361	2571	2437	2597	2882	2437	2484	2328	2397	3531	2195	2960	2426	2502	2658	2406	2546	2398	2516	2339	2882	2363	2592	3103	3094	2445	2571	2447	2433	2397	2573	2942	2825	2400	2300	2754	2862	2427	2558	2681	2354	3317	2961	2688	2817	2536	2293
55	2753	2880	2452	2732	2354	2632	2334	2321	2263	2306	2370	2432	2422	2701	2336	2467	2590	3248	2546	2329	2275	2343	2433	2921	2498	2368	2377	2448	5162	2295	2444	2454	2266	2134	2312	2345	2279	2338	2419	2246	2154	2192	14985	2985	2940	4066	23864	2171	2870	2360	2558	2419	2570	2863	2458	2461	2319	2384	3510	2198	2931	2410	2486	2638	2384	2534	2384	2497	2319	2854	2349	2574	3071	3059	2432	2561	2433	2414	2378	2563	2912	2808	2381	2290	2723	2828	2411	2539	2648	2339	3293	2912	2679	2788	2516	2301
56	2747	2868	2446	2716	2348	2622	2321	2314	2260	2304	2363	2421	2439	2689	2326	2453	2580	3200	2540	2307	2265	2334	2424	2916	2494	2359	2364	2435	4884	2295	2428	2430	2257	2127	2307	2337	2268	2323	2382	2231	2144	2186	14879	2880	2934	3934	23889	2163	2874	2354	2547	2412	2546	2848	2453	2447	2314	2365	3471	2229	2920	2398	2477	2625	2375	2514	2370	2480	2308	2825	2328	2568	3089	3029	2427	2550	2417	2408	2369	2567	2886	2779	2372	2284	2717	2846	2429	2535	2649	2335	3307	2856	2668	2773	2536	2305
57	2734	2858	2439	2704	2341	2615	2322	2310	2249	2292	2358	2412	2437	2673	2320	2445	2573	3159	2534	2297	2257	2318	2417	2898	2485	2351	2352	2425	4597	2294	2420	2404	2252	2121	2299	2333	2267	2322	2359	2233	2141	2185	14777	2792	2938	3822	23995	2162	2908	2352	2537	2395	2524	2875	2451	2438	2304	2363	3452	2234	2951	2389	2463	2612	2369	2506	2357	2469	2300	2810	2322	2550	3085	3055	2425	2548	2407	2403	2361	2571	2872	2766	2365	2280	2728	2838	2431	2518	2640	2349	3292	2811	2660	2736	2527	2307
58	2717	2853	2435	2695	2341	2637	2314	2305	2246	2285	2357	2408	2446	2669	2309	2436	2565	3130	2532	2289	2251	2312	2413	2899	2509	2350	2350	2418	4336	2292	2406	2400	2249	2122	2297	2336	2275	2317	2340	2230	2136	2181	14703	2746	2938	3722	24094	2181	2902	2380	2558	2396	2498	2873	2424	2451	2325	2356	3426	2243	2955	2420	2461	2606	2361	2500	2343	2457	2291	2786	2315	2536	3078	3049	2429	2550	2401	2396	2348	2570	2858	2749	2361	2301	2743	2826	2431	2515	2628	2359	3288	2769	2649	2718	2523	2309
59	2736	2831	2429	2711	2340	2639	2311	2306	2267	2281	2343	2431	2460	2652	2306	2430	2552	3106	2520	2283	2245	2314	2409	2894	2519	2348	2344	2410	4078	2297	2395	2393	2245	2117	2296	2329	2292	2311	2324	2228	2135	2180	14594	2678	2941	3634	24139	2185	2897	2393	2563	2390	2484	2880	2421	2460	2336	2346	3402	2251	2940	2422	2448	2601	2356	2495	2334	2449	2286	2768	2307	2533	3054	3040	2427	2550	2390	2403	2341	2577	2843	2731	2348	2305	2732	2804	2428	2502	2617	2351	3278	2729	2638	2691	2523	2306
60	2718	2813	2427	2704	2332	2639	2316	2313	2272	2280	2361	2431	2458	2648	2302	2421	2541	3085	2512	2275	2252	2296	2401	2885	2522	2353	2341	2403	3851	2296	2393	2388	2243	2114	2296	2355	2288	2312	2315	2225	2135	2177	14504	2616	2941	3548	24099	2190	2891	2395	2566	2379	2468	2872	2427	2465	2336	2341	3382	2252	2942	2414	2446	2594	2355	2488	2324	2442	2281	2748	2304	2515	3029	3024	2429	2547	2385	2397	2333	2596	2835	2710	2368	2313	2718	2791	2434	2525	2610	2352	3269	2717	2626	2671	2516	2303
61	2707	2800	2426	2699	2335	2639	2315	2324	2283	2289	2372	2443	2461	2643	2301	2419	2543	3084	2508	2304	2275	2294	2388	2879	2521	2349	2337	2398	3637	2296	2382	2378	2247	2142	2301	2354	2287	2310	2308	2229	2132	2175	14285	2587	2939	3477	23992	2185	2901	2394	2566	2380	2459	2866	2424	2468	2336	2343	3365	2248	2938	2413	2439	2587	2347	2485	2315	2437	2276	2725	2295	2503	3028	3003	2427	2548	2379	2393	2333	2633	2814	2697	2383	2311	2729	2779	2435	2529	2590	2351	3249	2681	2614	2649	2505	2299
62	2694	2794	2460	2701	2356	2639	2324	2332	2292	2315	2375	2445	2461	2628	2295	2417	2540	3083	2507	2315	2281	2293	2394	2879	2521	2344	2335	2396	3442	2297	2382	2378	2257	2161	2321	2356	2278	2329	2310	2227	2134	2173	14079	2562	2944	3400	23914	2186	2904	2399	2572	2375	2457	2871	2426	2484	2335	2342	3345	2248	2922	2420	2435	2583	2353	2489	2317	2438	2277	2707	2297	2510	3012	2994	2462	2544	2376	2393	2328	2659	2805	2684	2395	2318	2725	2763	2430	2538	2579	2355	3237	2655	2608	2635	2500	2301
63	2702	2798	2477	2708	2397	2632	2336	2343	2300	2331	2377	2451	2474	2670	2297	2411	2545	3087	2508	2325	2290	2296	2389	2869	2531	2340	2334	2403	3280	2298	2391	2405	2267	2174	2354	2364	2289	2351	2314	2228	2135	2204	13903	2540	2952	3337	23810	2180	2902	2404	2574	2384	2461	2888	2432	2485	2335	2341	3329	2231	2920	2432	2435	2586	2352	2493	2313	2440	2280	2684	2301	2511	2989	3006	2469	2557	2382	2398	2333	2689	2798	2689	2425	2327	2721	2751	2431	2547	2578	2355	3231	2626	2601	2626	2500	2302
64	2702	2791	2489	2715	2436	2629	2359	2363	2315	2356	2383	2446	2485	2674	2297	2425	2551	3109	2514	2342	2308	2298	2401	2870	2532	2337	2337	2417	3158	2298	2402	2419	2296	2187	2404	2375	2281	2371	2331	2228	2132	2215	13685	2524	2974	3307	23839	2177	2906	2411	2577	2394	2468	2925	2426	2496	2342	2356	3325	2223	2931	2439	2441	2592	2365	2504	2317	2456	2291	2673	2332	2516	2977	2996	2484	2572	2395	2415	2363	2718	2793	2696	2459	2344	2722	2742	2438	2571	2578	2363	3222	2605	2629	2627	2510	2327
65	2701	2793	2513	2737	2502	2644	2440	2400	2340	2414	2401	2471	2503	2688	2310	2444	2575	3157	2533	2367	2334	2349	2423	2914	2555	2363	2352	2435	3095	2298	2424	2470	2341	2197	2488	2382	2291	2392	2359	2240	2138	2234	13424	2531	2997	3270	23716	2175	2897	2419	2588	2417	2498	2976	2444	2514	2363	2381	3324	2217	2934	2465	2454	2604	2381	2526	2331	2478	2314	2662	2359	2516	2976	3015	2506	2593	2409	2440	2370	2757	2821	2701	2529	2367	2745	2754	2474	2618	2601	2380	3220	2599	2647	2632	2513	2347
66	2723	2804	2564	2770	2617	2676	2543	2454	2386	2507	2453	2491	2539	2718	2345	2488	2617	3251	2565	2430	2393	2392	2468	2946	2576	2371	2376	2477	3084	2296	2469	2547	2420	2199	2642	2404	2297	2429	2417	2248	2143	2248	13078	2547	3035	3257	23640	2201	2900	2427	2613	2454	2541	3069	2498	2548	2395	2423	3329	2221	2934	2502	2478	2637	2417	2601	2362	2518	2357	2674	2406	2532	2988	3050	2539	2650	2454	2494	2399	2824	2850	2716	2639	2406	2760	2772	2504	2680	2626	2413	3226	2615	2683	2667	2537	2373
67	2753	2833	2647	2857	2797	2742	2704	2541	2471	2650	2514	2536	2589	2762	2411	2587	2698	3360	2636	2531	2512	2469	2526	2998	2601	2371	2417	2551	3151	2298	2543	2676	2526	2207	2861	2439	2304	2490	2504	2264	2157	2268	12840	2595	3087	3277	23578	2208	2901	2443	2659	2525	2623	3177	2569	2614	2457	2503	3351	2235	2954	2567	2532	2690	2472	2696	2419	2589	2424	2706	2482	2569	3015	3126	2570	2696	2528	2572	2443	2935	2900	2738	2830	2454	2809	2812	2557	2761	2666	2485	3244	2632	2720	2711	2557	2427
68	2795	2884	2757	2976	3033	2804	2890	2666	2572	2818	2618	2593	2652	2833	2489	2701	2804	3465	2727	2665	2641	2573	2606	3066	2627	2366	2474	2668	3310	2292	2640	2863	2673	2225	3108	2499	2305	2568	2628	2292	2163	2279	12590	2652	3152	3312	23645	2213	2898	2455	2730	2627	2747	3280	2693	2705	2550	2618	3404	2229	2984	2669	2628	2762	2544	2827	2513	2676	2501	2755	2594	2612	3053	3237	2619	2738	2639	2683	2513	3078	2954	2789	3071	2525	2857	2885	2633	2868	2734	2556	3280	2679	2799	2803	2610	2500
69	2860	2973	2905	3155	3353	2919	3139	2850	2729	3052	2774	2673	2742	2923	2607	2890	2984	3627	2883	2912	2839	2721	2705	3152	2662	2377	2599	2855	3634	2300	2794	3129	2881	2244	3474	2549	2305	2698	2833	2316	2184	2320	12470	2777	3239	3402	23518	2210	2896	2486	2826	2792	2970	3444	2877	2858	2702	2784	3501	2254	3015	2829	2742	2868	2655	3026	2657	2817	2619	2833	2754	2659	3148	3434	2697	2832	2823	2865	2599	3285	3053	2859	3389	2618	2934	2979	2722	3056	2844	2647	3355	2756	2908	2946	2674	2589
70	2964	3129	3132	3476	3843	3143	3577	3131	2980	3483	3013	2790	2878	3069	2819	3172	3271	3917	3120	3312	3139	2947	2892	3296	2693	2384	2830	3159	4233	2296	3066	3554	3233	2339	4051	2586	2304	2930	3213	2373	2231	2387	12348	3039	3439	3653	23423	2214	2894	2512	2993	3097	3396	3770	3179	3119	2971	3071	3597	2255	3046	3126	2943	3080	2841	3358	2915	3074	2824	2999	3039	2708	3260	3829	2881	3030	3156	3198	2764	3645	3227	2995	3943	2765	3053	3160	2888	3417	3026	2830	3513	2967	3122	3234	2788	2732
71	3158	3416	3549	4046	4661	3524	4394	3672	3422	4249	3426	3004	3149	3342	3222	3652	3797	4466	3559	4002	3671	3372	3252	3565	2738	2385	3354	3712	5241	2300	3598	4256	3846	2483	5010	2629	2297	3400	3889	2522	2353	2550	12388	3638	3814	4170	23153	2212	2897	2571	3310	3633	4143	4390	3716	3594	3453	3558	3794	2256	3085	3628	3327	3482	3177	3937	3380	3586	3283	3395	3541	2758	3461	4483	3265	3435	3674	3852	3066	4267	3572	3299	4844	3066	3303	3584	3216	4092	3395	3273	3813	3390	3557	3768	3018	3013
72	3578	3879	4340	4929	5926	4228	5591	4564	4177	5408	4171	3491	3756	3862	3921	4447	4658	5476	4248	5033	4522	4074	4022	4148	2794	2392	4354	4598	6493	2306	4525	5311	4815	2764	6278	2716	2287	4211	4926	2859	2643	2880	12614	4649	4553	4875	22830	2203	2894	2697	3881	4547	5176	5331	4557	4366	4262	4345	4145	2252	3147	4461	4044	4246	3797	4847	4093	4544	4207	4136	4392	2843	3935	5414	3878	4023	4540	4776	3726	5193	4235	3978	6086	3733	3853	4404	3882	5108	4044	4235	4395	3995	4349	4744	3495	3691
73	4362	4616	5488	5925	7372	5271	6940	5709	5219	6586	5191	4321	4763	4744	4829	5481	5758	6772	5164	6194	5568	4987	5153	5077	2913	2405	5566	5705	7590	2311	5676	6496	5901	3149	7432	2883	2271	5226	6059	3371	3027	3286	12761	5704	5395	5445	22445	2201	2885	2899	4714	5741	6118	6344	5622	5319	5240	5256	4642	2254	3258	5514	5090	5338	4716	5979	4898	5749	5441	5243	5508	2983	4745	6403	4529	4652	5658	5754	4678	6184	5122	4934	7347	4792	4729	5510	4987	6164	4848	5628	5171	4625	5389	5969	4290	4714
74	5100	5351	6555	6675	8470	6240	7944	6604	6129	7380	6149	5110	5682	5627	5493	6361	6637	7670	5951	6941	6404	5778	6104	5865	3190	2404	6372	6583	8162	2321	6471	7297	6634	3442	8086	3199	2267	5968	6795	3723	3243	3552	12699	6271	5891	5730	22165	2188	2883	3037	5435	6592	6620	7008	6449	6030	5927	5922	5044	2263	3489	6390	5951	6252	5616	6867	5460	6628	6301	6008	6351	3290	5445	7036	4949	5008	6500	6367	5436	6892	5811	5583	8083	5613	5488	6357	5942	6779	5383	6628	5737	5004	6173	6875	5044	5533
75	5463	5818	7175	7023	8954	6754	8358	7035	6546	7682	6676	5446	6105	6185	5784	6822	7097	7933	6374	7235	6736	6075	6401	6183	3629	2404	6619	6976	8328	2323	6754	7612	6856	3547	8284	3774	2264	6255	7039	3867	3285	3616	12464	6343	5992	5719	21861	2186	2886	3069	5750	6945	6772	7180	6818	6332	6181	6155	5234	2255	3888	6750	6267	6614	6044	7234	5659	6870	6500	6238	6671	3804	5731	7282	5062	5064	6860	6499	5695	7138	6106	5815	8335	5940	5768	6725	6367	6948	5509	7011	5977	5090	6427	7224	5398	5852
76	5526	5999	7304	7118	9080	6931	8444	7164	6688	7779	6889	5513	6151	6352	5840	6980	7247	7927	6543	7324	6906	6131	6335	6198	4259	2394	6589	7103	8356	2327	6815	7694	6813	3555	8272	4507	2265	6314	7063	3850	3269	3598	12138	6314	5950	5653	21790	2182	2871	3072	5849	7058	6813	7169	6920	6442	6272	6372	5277	2259	4421	6902	6291	6739	6175	7381	5762	6926	6515	6285	6824	4483	5771	7398	5048	5051	7007	6465	5737	7245	6224	5861	8391	5967	5815	6774	6451	6906	5481	7054	6024	5021	6442	7313	5519	5876
77	5489	6091	7308	7177	9107	6966	8423	7167	6678	7753	6939	5461	6110	6420	5877	7067	7297	7937	6600	7408	6854	6118	6202	6117	4880	2397	6541	7158	8347	2322	6783	7691	6704	3540	8186	5100	2263	6314	7008	3807	3215	3571	11758	6213	5860	5581	21291	2187	2869	3050	5855	7067	6788	7100	6970	6465	6283	6354	5254	2257	4886	6930	6294	6766	6174	7409	5785	6886	6405	6244	6838	5025	5719	7393	4977	5000	7015	6367	5714	7224	6222	5883	8365	5919	5786	6748	6460	6793	5400	7023	6007	4935	6398	7334	5544	5831
78	5493	6126	7250	7187	9052	6981	8389	7195	6652	7715	6948	5412	5989	6396	5856	7080	7311	7818	6630	7372	6821	6092	6115	6038	5283	2396	6448	7216	8300	2319	6758	7649	6581	3521	8118	5403	2275	6353	6950	3754	3171	3542	11369	6126	5796	5468	20900	2191	2865	3034	5849	7058	6778	7053	6973	6464	6264	6264	5211	2254	5132	6929	6234	6824	6168	7416	5884	6841	6289	6219	6837	5314	5629	7364	4920	4924	7014	6260	5654	7227	6222	5781	8307	5838	5726	6654	6433	6681	5285	6952	5956	4833	6318	7294	5552	5755
79	5400	6084	7150	7163	8953	6929	8289	7169	6647	7652	6924	5342	5865	6380	5805	7032	7257	7678	6608	7306	6763	6067	5944	6008	5370	2390	6341	7174	8239	2319	6711	7600	6477	3488	8013	5420	2278	6330	6906	3697	3122	3510	10980	6023	5783	5399	20698	2191	2857	3017	5808	7020	6733	6991	6953	6460	6283	6234	5174	2257	5173	6985	6118	6761	6129	7368	5841	6798	6204	6185	6823	5334	5539	7310	4839	4863	7002	6165	5611	7250	6262	5701	8277	5742	5591	6554	6376	6536	5212	6872	5911	4763	6323	7260	5537	5676
80	5323	6056	7087	7121	8829	6860	8204	7081	6577	7536	6830	5246	5738	6323	5779	6990	7187	7514	6552	7191	6656	5967	5777	5891	5299	2387	6216	7103	8141	2317	6716	7490	6337	3449	7872	5364	2280	6233	6827	3636	3070	3485	10607	5914	5687	5305	20365	2196	2855	2998	5737	6925	6636	6883	6882	6375	6182	6149	5092	2258	5101	6907	5980	6591	6117	7267	5731	6691	6080	6121	6732	5229	5397	7208	4758	4786	6896	6029	5480	7176	6176	5603	8087	5617	5458	6442	6265	6392	5069	6757	5825	4658	6230	7148	5476	5534
81	5210	6002	6985	7041	8680	6760	8081	7001	6473	7405	6709	5123	5600	6242	5759	6856	7072	7407	6454	7037	6558	5883	5550	5764	5183	2383	6074	6993	8007	2315	6545	7341	6191	3403	7679	5226	2276	6136	6734	3562	3028	3434	10189	5760	5564	5211	20038	2191	2844	2975	5645	6803	6515	6751	6738	6260	6103	6072	5019	2250	4996	6790	5843	6505	5998	7144	5666	6572	5954	6011	6623	5122	5298	7116	4675	4717	6780	5889	5412	7114	6103	5533	7925	5511	5338	6323	6172	6226	4996	6650	5738	4576	6129	7038	5431	5446
82	5090	5936	6867	6929	8483	6673	7958	6884	6366	7280	6609	5028	5454	6137	5677	6807	6947	7262	6338	6894	6498	5849	5364	5645	5041	2375	5937	6846	7810	2311	6364	7221	6081	3380	7538	5056	2277	6057	6642	3500	2977	3402	9799	5641	5457	5148	19768	2191	2841	2958	5585	6693	6434	6636	6629	6159	5975	5986	4950	2247	4903	6653	5715	6502	5886	7015	5590	6469	5836	5901	6531	4991	5197	6989	4633	4685	6645	5758	5290	7034	5971	5442	7713	5382	5218	6225	6099	6077	4887	6520	5628	4499	6013	6912	5351	5321
83	5001	5863	6766	6824	8313	6553	7825	6770	6263	7150	6467	4908	5334	6060	5569	6593	6795	7152	6229	6760	6363	5729	5206	5514	4912	2369	5811	6730	7742	2313	6250	7074	5948	3334	7352	4907	2279	5954	6516	3452	2943	3376	9468	5506	5355	5076	19376	2191	2841	2937	5502	6543	6293	6529	6487	6031	5859	5868	4866	2253	4789	6510	5550	6362	5790	6867	5504	6338	5691	5786	6383	4839	5070	6833	4510	4619	6473	5670	5157	7056	5885	5334	7559	5257	5079	6095	5989	5957	4775	6400	5521	4424	5898	6763	5263	5200
84	4881	5738	6616	6666	8110	6415	7652	6615	6117	6980	6329	4796	5192	5968	5460	6390	6652	7009	6087	6615	6234	5609	5049	5393	4772	2370	5655	6612	7535	2312	6144	6907	5795	3302	7174	4749	2284	5839	6356	3393	2918	3341	9156	5378	5271	4996	19017	2196	2838	2922	5410	6402	6188	6396	6349	5902	5734	5736	4806	2251	4688	6400	5387	6174	5708	6718	5407	6230	5569	5740	6257	4719	4978	6691	4445	4567	6338	5520	5099	6895	5781	5221	7380	5108	4953	5969	5859	5802	4655	6250	5428	4342	5807	6619	5191	5090
85	4787	5614	6486	6513	7894	6255	7486	6470	5961	6811	6162	4672	5071	5839	5358	6234	6501	6882	5925	6509	6074	5472	4864	5271	4641	2369	5505	6435	7410	2310	6015	6745	5664	3241	6994	4606	2287	5717	6153	3331	2874	3305	8846	5305	5171	4898	18661	2197	2828	2905	5231	6239	6049	6363	6174	5761	5618	5646	4712	2249	4573	6217	5215	6031	5572	6538	5279	6075	5424	5569	6086	4574	4855	6500	4372	4496	6243	5330	4933	6724	5685	5115	7169	4991	4835	5832	5730	5664	4540	6110	5287	4253	5667	6433	5083	4951
86	4693	5499	6381	6338	7683	6121	7317	6310	5828	6652	6022	4554	4938	5725	5250	6135	6380	6687	5763	6307	5909	5384	4710	5152	4498	2361	5379	6255	7210	2314	5914	6549	5514	3195	6794	4505	2271	5566	5977	3266	2833	3260	8569	5100	5082	4794	18273	2186	2825	2880	5107	6120	5907	6148	6004	5637	5481	5498	4601	2247	4463	6044	5080	5896	5461	6362	5161	5925	5266	5342	5938	4455	4727	6338	4306	4405	5951	5209	4801	6611	5580	4988	6966	4854	4716	5715	5611	5544	4458	5982	5190	4182	5540	6276	4993	4829
87	4573	5353	6240	6130	7447	5962	7135	6133	5665	6459	5826	4438	4804	5599	5089	5980	6106	6424	5591	6120	5739	5218	4547	5011	4374	2353	5156	6096	6985	2313	5740	6353	5376	3165	6605	4333	2273	5413	5822	3214	2794	3229	8291	4973	4986	4664	17874	2183	2821	2868	5017	5902	5764	5947	5849	5515	5346	5320	4554	2249	4378	5908	4960	5789	5351	6208	5041	5787	5145	5257	5824	4326	4645	6170	4267	4324	5840	5113	4666	6524	5459	4895	6748	4738	4583	5569	5479	5408	4355	5843	5067	4103	5389	6093	4888	4711
88	4489	5232	6151	5972	7233	5823	6950	5998	5532	6295	5697	4334	4693	5495	4940	5839	5942	6297	5431	5933	5585	5074	4419	4891	4269	2354	5011	5918	6797	2324	5617	6203	5258	3112	6452	4204	2267	5256	5658	3185	2764	3186	8033	4866	4890	4563	17385	2180	2821	2848	4972	5705	5631	5799	5669	5380	5202	5171	4453	2250	4263	5720	4826	5644	5212	6018	4911	5624	5060	5164	5685	4208	4546	5996	4169	4247	5742	4995	4545	6415	5306	4754	6575	4624	4475	5447	5359	5290	4266	5711	4954	4038	5265	5920	4787	4596
89	4392	5113	6008	5781	6981	5653	6742	5823	5374	6103	5534	4225	4573	5367	4805	5737	5754	6236	5264	5766	5409	4976	4327	4761	4150	2346	4868	5739	6612	2318	5452	5999	5106	3093	6207	4107	2252	5091	5498	3123	2756	3154	7779	4776	4794	4437	16920	2172	2811	2840	4824	5552	5467	5687	5474	5226	5050	5024	4357	2247	4183	5562	4683	5474	5059	5843	4794	5459	4867	5085	5510	4093	4450	5831	4049	4162	5506	4923	4432	6406	5197	4642	6377	4517	4373	5319	5246	5158	4159	5577	4824	3968	5134	5778	4684	4486
90	4308	4985	5884	5634	6794	5497	6539	5668	5229	5931	5370	4115	4474	5241	4663	5479	5617	6103	5038	5630	5255	4815	4197	4658	4060	2337	4780	5552	6429	2307	5325	5851	4988	3030	6030	3982	2250	4959	5351	3064	2709	3165	7522	4640	4696	4342	16461	2165	2805	2831	4665	5417	5344	5563	5294	5104	4926	4903	4307	2244	4091	5392	4560	5354	4954	5672	4689	5325	4690	4953	5351	4000	4349	5662	4032	4132	5390	4782	4327	6240	5049	4527	6117	4389	4265	5193	5115	5026	4069	5447	4705	3889	5012	5575	4591	4369
91	4225	4855	5749	5475	6575	5320	6310	5510	5088	5751	5222	4029	4379	5124	4558	5307	5409	5960	4910	5442	5098	4707	4043	4532	3963	2326	4639	5409	6284	2304	5205	5686	4879	2967	5831	3816	2236	4795	5218	3021	2677	3082	7264	4518	4606	4241	16004	2158	2791	2815	4581	5267	5189	5444	5111	4966	4786	4771	4205	2240	4015	5209	4461	5216	4819	5481	4512	5181	4572	4786	5156	3882	4265	5488	3903	4019	5197	4629	4271	6160	4912	4420	5920	4276	4175	5067	5001	4896	3983	5315	4599	3826	4908	5413	4498	4257
92	4117	4727	5578	5283	6330	5112	6067	5326	4924	5539	5041	3922	4277	5001	4398	5161	5223	5797	4829	5242	4960	4547	3909	4411	3876	2277	4514	5177	6074	2300	5033	5497	4739	2947	5614	3703	2225	4667	5045	2985	2661	3044	7031	4415	4531	4119	15495	2152	2793	2814	4464	5139	5091	5341	4961	4863	4658	4651	4165	2245	3942	5077	4385	5112	4729	5346	4409	5058	4476	4704	5052	3805	4183	5338	3849	3956	5081	4538	4086	6031	4791	4296	5714	4160	4092	4924	4870	4766	3890	5162	4472	3747	4778	5222	4382	4138
93	4060	4630	5461	5155	6137	4934	5873	5202	4802	5376	4914	3840	4220	4913	4331	5005	5111	5693	4709	5197	4823	4425	3824	4324	3810	2250	4381	5057	6020	2295	4888	5343	4612	2900	5511	3620	2225	4528	4826	2936	2647	3014	6730	4303	4404	4046	15007	2147	2787	2801	4367	4959	4904	5177	4769	4733	4531	4509	4074	2244	3870	4925	4223	4998	4550	5126	4294	4904	4340	4609	4903	3706	4087	5175	3782	3865	4935	4427	4004	5926	4672	4215	5537	4063	4020	4814	4768	4669	3817	5055	4364	3701	4680	5089	4303	4036
94	3985	4513	5337	5027	5901	4767	5652	5037	4681	5207	4770	3770	4133	4786	4216	4846	4951	5537	4586	4961	4623	4304	3746	4216	3733	2236	4247	4876	5838	2310	4755	5171	4504	2840	5300	3571	2215	4395	4695	2905	2605	2982	6449	4202	4311	3939	14314	2135	2785	2801	4238	4800	4795	5050	4620	4615	4429	4416	4004	2240	3804	4799	4131	4850	4438	5059	4185	4770	4232	4434	4750	3641	4026	5045	3729	3786	4793	4331	3919	5804	4552	4138	5337	3975	3946	4717	4662	4562	3739	4941	4276	3636	4558	4937	4213	3965
95	3915	4404	5197	4887	5674	4626	5449	4876	4545	5041	4629	3697	4057	4689	4104	4699	4824	5425	4467	4777	4561	4166	3654	4122	3683	2222	4149	4743	5635	2319	4611	5013	4399	2802	5098	3441	2211	4261	4565	2857	2586	2957	6133	4087	4257	3843	13701	2135	2782	2786	4136	4657	4665	4910	4466	4458	4306	4233	3920	2236	3745	4642	4025	4685	4408	4882	4083	4628	4122	4334	4605	3564	3943	4908	3637	3720	4599	4251	3799	5664	4398	4032	5154	3881	3866	4610	4548	4454	3673	4841	4186	3584	4452	4803	4114	3859
